dx = 0.01 ;
x = linspace (0 + 0.01 , 1 - 0.01 , 100) ;
dt = 10000/500 ;

